
ChemJSDraw11080914082D

 15 16  0  0  0  0  0  0  0  0  1 V2000
   16.3274   -6.6820    0.0000 O   0  0
   17.6785   -9.0220    0.0000 C   0  0
   16.3274   -8.2420    0.0000 C   0  0
   14.9764   -9.0220    0.0000 N   0  0
   13.6255   -8.2420    0.0000 C   0  0
   19.0295   -8.2420    0.0000 C   0  0
   19.0295   -6.6820    0.0000 C   0  0
   20.3805   -5.9020    0.0000 C   0  0
   20.3805   -9.0220    0.0000 C   0  0
   21.7315   -8.2420    0.0000 C   0  0
   21.7315   -6.6820    0.0000 C   0  0
   23.0825   -9.0220    0.0000 C   0  0
   24.4335   -8.2420    0.0000 C   0  0
   24.4335   -6.6820    0.0000 C   0  0
   23.0825   -5.9020    0.0000 C   0  0
  3  1  2  0
  3  2  1  0
  4  3  1  0
  5  4  1  0
  2  6  1  0
  6  7  1  0
  7  8  2  0
  6  9  2  0
  9 10  1  0
 10 11  2  0
 11  8  1  0
 12 10  1  0
 12 13  2  0
 13 14  1  0
 14 15  2  0
 15 11  1  0
M  END