$RXN

      ISIS     090319961140

  2  2
$MOL

  -ISIS-  09039611402D

  6  5  0  0  0  0  0  0  0  0  1 V2000
  -13.4458   -1.0292    0.0000 C   0  0  0  0  0  0  0  0  0  0  0  0
  -14.7792   -3.3333    0.0000 O   0  0  0  0  0  0  0  0  0  0  0  0
  -12.1125   -3.3333    0.0000 O   0  0  0  0  0  0  0  0  0  0  0  0
  -14.7792   -1.7958    0.0000 C   0  0  3  0  0  0  0  0  0  0  0  0
  -12.1125   -1.7958    0.0000 C   0  0  0  0  0  0  0  0  0  0  0  0
  -16.1042   -1.0292    0.0000 C   0  0  0  0  0  0  0  0  0  0  0  0
  2  4  1  0  0  0  2
  3  5  1  0  0  0  6
  4  1  1  0  0  0  2
  5  1  1  0  0  0  2
  6  4  1  0  0  0  2
M  END
$MOL

  -ISIS-  09039611402D

  6  5  0  0  0  0  0  0  0  0  1 V2000
   -6.7417   -2.6250    0.0000 C   0  0  0  0  0  0  0  0  0  0  0  0
   -6.7417   -1.0875    0.0000 O   0  0  0  0  0  0  0  0  0  0  0  0
   -5.4167   -3.3875    0.0000 O   0  0  0  0  0  0  0  0  0  0  0  0
   -8.0750   -3.3875    0.0000 C   0  0  0  0  0  0  0  0  0  0  0  0
   -4.0833   -2.6250    0.0000 C   0  0  0  0  0  0  0  0  0  0  0  0
   -9.4042   -2.6250    0.0000 C   0  0  0  0  0  0  0  0  0  0  0  0
  6  4  1  0  0  0  2
  2  1  2  0  0  0  2
  3  1  1  0  0  0  4
  4  1  1  0  0  0  2
  5  3  1  0  0  0  0
M  END
$MOL

  -ISIS-  09039611402D

 10  9  0  0  1  0  0  0  0  0  1 V2000
    6.4167   -2.8750    0.0000 C   0  0  0  0  0  0  0  0  0  0  0  0
    7.3708   -2.4042    0.0000 O   0  0  0  0  0  0  0  0  0  0  0  0
    5.0917   -1.9792    0.0000 O   0  0  0  0  0  0  0  0  0  0  0  0
    5.0917   -0.2792    0.0000 C   0  0  0  0  0  0  0  0  0  0  0  0
    3.6167    0.5708    0.0000 C   0  0  0  0  0  0  0  0  0  0  0  0
    2.1458   -1.9792    0.0000 O   0  0  0  0  0  0  0  0  0  0  0  0
    6.4167   -4.4708    0.0000 C   0  0  0  0  0  0  0  0  0  0  0  0
    2.1458   -0.2792    0.0000 C   0  0  2  0  0  0  0  0  0  0  0  0
    0.6750    0.5708    0.0000 C   0  0  0  0  0  0  0  0  0  0  0  0
    7.3000   -5.0708    0.0000 C   0  0  0  0  0  0  0  0  0  0  0  0
  2  1  2  0  0  0  2
  3  1  1  0  0  0  4
  4  3  1  0  0  0  4
  5  4  1  0  0  0  2
  8  6  1  6  0  0  2
  7  1  1  0  0  0  2
  8  5  1  0  0  0  2
  9  8  1  0  0  0  2
 10  7  1  0  0  0  2
M  END
$MOL

  -ISIS-  09039611402D

  6  5  0  0  1  0  0  0  0  0  1 V2000
   13.9833   -1.0292    0.0000 C   0  0  0  0  0  0  0  0  0  0  0  0
   12.6542   -3.3333    0.0000 O   0  0  0  0  0  0  0  0  0  0  0  0
   15.3208   -3.3333    0.0000 O   0  0  0  0  0  0  0  0  0  0  0  0
   12.6542   -1.7958    0.0000 C   0  0  1  0  0  0  0  0  0  0  0  0
   15.3208   -1.7958    0.0000 C   0  0  0  0  0  0  0  0  0  0  0  0
   11.3292   -1.0292    0.0000 C   0  0  0  0  0  0  0  0  0  0  0  0
  4  2  1  1  0  0  2
  3  5  1  0  0  0  2
  4  1  1  0  0  0  2
  5  1  1  0  0  0  2
  6  4  1  0  0  0  2
M  END
