$RXN

      ISIS     032519971248

  2  2
$MOL

  -ISIS-  03259712482D

  6  6  0  0  0  0  0  0  0  0  1 V2000
   -2.2083   -1.5833    0.0000 C   0  0  0  0  0  0  0  0  0  0  0  0
   -2.2125   -2.3333    0.0000 C   0  0  0  0  0  0  0  0  0  0  0  0
   -1.5651   -2.7119    0.0000 C   0  0  0  0  0  0  0  0  0  0  0  0
   -0.9135   -2.3406    0.0000 C   0  0  0  0  0  0  0  0  0  0  0  0
   -0.9093   -1.5906    0.0000 C   0  0  0  0  0  0  0  0  0  0  0  0
   -1.5567   -1.2119    0.0000 C   0  0  0  0  0  0  0  0  0  0  0  0
  1  2  2  0  0  0  0
  2  3  1  0  0  0  0
  3  4  2  0  0  0  0
  4  5  1  0  0  0  0
  5  6  2  0  0  0  0
  6  1  1  0  0  0  0
M  END
$MOL

  -ISIS-  03259712482D

  2  1  0  0  0  0  0  0  0  0  1 V2000
    0.6292   -2.0000    0.0000 Cl  0  0  0  0  0  0  0  0  0  0  0  0
    1.3792   -2.0000    0.0000 Cl  0  0  0  0  0  0  0  0  0  0  0  0
  1  2  1  0  0  0  0
M  END
$MOL

  -ISIS-  03259712482D

  7  7  0  0  0  0  0  0  0  0  1 V2000
    5.1292   -1.2083    0.0000 C   0  0  0  0  0  0  0  0  0  0  0  0
    4.4792   -1.5792    0.0000 C   0  0  0  0  0  0  0  0  0  0  0  0
    4.4753   -2.3275    0.0000 C   0  0  0  0  0  0  0  0  0  0  0  0
    5.1215   -2.7050    0.0000 C   0  0  0  0  0  0  0  0  0  0  0  0
    5.7715   -2.3342    0.0000 C   0  0  0  0  0  0  0  0  0  0  0  0
    5.7753   -1.5858    0.0000 C   0  0  0  0  0  0  0  0  0  0  0  0
    6.4208   -1.2042    0.0000 Cl  0  0  0  0  0  0  0  0  0  0  0  0
  2  3  1  0  0  0  0
  3  4  2  0  0  0  0
  4  5  1  0  0  0  0
  5  6  2  0  0  0  0
  6  1  1  0  0  0  0
  1  2  2  0  0  0  0
  6  7  1  0  0  0  0
M  END
$MOL

  -ISIS-  03259712482D

  2  1  0  0  0  0  0  0  0  0  1 V2000
    8.0042   -1.8333    0.0000 H   0  0  0  0  0  0  0  0  0  0  0  0
    8.7542   -1.8333    0.0000 Cl  0  0  0  0  0  0  0  0  0  0  0  0
  1  2  1  0  0  0  0
M  END
