  -ISIS-  07260710442D

  7  7  0  0  0  0  0  0  0  0999 V2000
    2.4958   -1.2500    0.0000 C   0  0  0  0  0  0  0  0  0  0  0  0
    3.0833   -1.2500    0.0000 N   0  0  0  0  0  0  0  0  0  0  0  0
    3.2651   -0.6909    0.0000 C   0  0  0  0  0  0  0  0  0  0  0  0
    2.7916   -0.3458    0.0000 S   0  0  0  0  0  0  0  0  0  0  0  0
    2.3141   -0.6909    0.0000 C   0  0  0  0  0  0  0  0  0  0  0  0
    1.7556   -0.5086    0.0000 Br  0  0  0  0  0  0  0  0  0  0  0  0
    3.8240   -0.5098    0.0000 N   0  0  0  0  0  0  0  0  0  0  0  0
  2  3  2  0  0  0  0
  3  4  1  0  0  0  0
  4  5  1  0  0  0  0
  5  1  2  0  0  0  0
  1  2  1  0  0  0  0
  5  6  1  0  0  0  0
  3  7  1  0  0  0  0
M  END
>  <ID> (CR8001)
CR8001

>  <cLogP> (CR8001)
1.410000000000000e+000

>  <Name> (CR8001)
5-Bromo-thiazol-2-ylamine

>  <CAS_N0> (CR8001)
61296-22-8

$$$$

  -ISIS-  07260710442D

  6  6  0  0  0  0  0  0  0  0999 V2000
   -3.9834    1.7166    0.0000 C   0  0  0  0  0  0  0  0  0  0  0  0
   -3.3959    1.7166    0.0000 N   0  0  0  0  0  0  0  0  0  0  0  0
   -3.2141    2.2758    0.0000 C   0  0  0  0  0  0  0  0  0  0  0  0
   -3.6875    2.6208    0.0000 O   0  0  0  0  0  0  0  0  0  0  0  0
   -4.1651    2.2758    0.0000 C   0  0  0  0  0  0  0  0  0  0  0  0
   -2.6552    2.4568    0.0000 N   0  0  0  0  0  0  0  0  0  0  0  0
  2  3  2  0  0  0  0
  3  4  1  0  0  0  0
  4  5  1  0  0  0  0
  5  1  2  0  0  0  0
  1  2  1  0  0  0  0
  3  6  1  0  0  0  0
M  END
>  <ID> (CR8002)
CR8002

>  <cLogP> (CR8002)
-1.700000000000000e-001

>  <Name> (CR8002)
Oxazol-2-ylamine

>  <CAS_N0> (CR8002)
4570-45-0

$$$$

  -ISIS-  07260710442D

 13 14  0  0  0  0  0  0  0  0999 V2000
    1.3069   -2.4750    0.0000 C   0  0  0  0  0  0  0  0  0  0  0  0
    1.3057   -3.0648    0.0000 C   0  0  0  0  0  0  0  0  0  0  0  0
    1.8164   -3.3569    0.0000 C   0  0  0  0  0  0  0  0  0  0  0  0
    2.3245   -3.0644    0.0000 C   0  0  0  0  0  0  0  0  0  0  0  0
    2.3216   -2.4713    0.0000 C   0  0  0  0  0  0  0  0  0  0  0  0
    1.8146   -2.1830    0.0000 C   0  0  0  0  0  0  0  0  0  0  0  0
    2.8287   -2.1747    0.0000 N   0  0  3  0  0  0  0  0  0  0  0  0
    3.3653   -2.4066    0.0000 C   0  0  0  0  0  0  0  0  0  0  0  0
    3.7559   -1.9678    0.0000 C   0  0  0  0  0  0  0  0  0  0  0  0
    3.4592   -1.4606    0.0000 C   0  0  0  0  0  0  0  0  0  0  0  0
    2.8853   -1.5862    0.0000 N   0  0  0  0  0  0  0  0  0  0  0  0
    4.3405   -2.0258    0.0000 C   0  0  0  0  0  0  0  0  0  0  0  0
    4.5826   -2.5612    0.0000 Cl  0  0  0  0  0  0  0  0  0  0  0  0
  1  2  2  0  0  0  0
  5  7  1  0  0  0  0
  7  8  1  0  0  0  0
  3  4  2  0  0  0  0
  4  5  1  0  0  0  0
  2  3  1  0  0  0  0
  8  9  2  0  0  0  0
  9 10  1  0  0  0  0
 10 11  2  0  0  0  0
 11  7  1  0  0  0  0
  5  6  2  0  0  0  0
  9 12  1  0  0  0  0
  6  1  1  0  0  0  0
 12 13  1  0  0  0  0
M  END
>  <ID> (CR8003)
CR8003

>  <cLogP> (CR8003)
2.170000000000000e+000

>  <Name> (CR8003)
4-Chloromethyl-1-phenyl-1H-pyrazole

>  <CAS_N0> (CR8003)
35715-71-0

$$$$

  -ISIS-  07260710442D

 11 12  0  0  0  0  0  0  0  0999 V2000
    3.2444   -0.5750    0.0000 C   0  0  0  0  0  0  0  0  0  0  0  0
    3.2432   -1.1648    0.0000 C   0  0  0  0  0  0  0  0  0  0  0  0
    3.7539   -1.4569    0.0000 C   0  0  0  0  0  0  0  0  0  0  0  0
    3.7521   -0.2830    0.0000 C   0  0  0  0  0  0  0  0  0  0  0  0
    4.2591   -0.5713    0.0000 C   0  0  0  0  0  0  0  0  0  0  0  0
    4.2634   -1.1614    0.0000 C   0  0  0  0  0  0  0  0  0  0  0  0
    4.8260   -1.3398    0.0000 S   0  0  0  0  0  0  0  0  0  0  0  0
    5.1694   -0.8598    0.0000 C   0  0  0  0  0  0  0  0  0  0  0  0
    4.8191   -0.3850    0.0000 N   0  0  0  0  0  0  0  0  0  0  0  0
    5.7542   -0.8583    0.0000 C   0  0  0  0  0  0  0  0  0  0  0  0
    6.1667   -1.2708    0.0000 N   0  0  0  0  0  0  0  0  0  0  0  0
  2  3  1  0  0  0  0
  3  6  2  0  0  0  0
  1  2  2  0  0  0  0
  5  4  2  0  0  0  0
  6  7  1  0  0  0  0
  7  8  1  0  0  0  0
  8  9  2  0  0  0  0
  9  5  1  0  0  0  0
  4  1  1  0  0  0  0
  8 10  1  0  0  0  0
  5  6  1  0  0  0  0
 10 11  1  0  0  0  0
M  END
>  <ID> (CR8004)
CR8004

>  <cLogP> (CR8004)
1.290000000000000e+000

>  <Name> (CR8004)
C-Benzothiazol-2-yl-methylamine

>  <CAS_N0> (CR8004)
42182-65-0

$$$$

  -ISIS-  07260710442D

  9  9  0  0  0  0  0  0  0  0999 V2000
    1.6833   -0.3375    0.0000 C   0  0  0  0  0  0  0  0  0  0  0  0
    2.2708   -0.3375    0.0000 C   0  0  0  0  0  0  0  0  0  0  0  0
    2.5630    0.1685    0.0000 N   0  0  3  0  0  0  0  0  0  0  0  0
    2.2708    0.6777    0.0000 C   0  0  0  0  0  0  0  0  0  0  0  0
    1.6833    0.6777    0.0000 C   0  0  0  0  0  0  0  0  0  0  0  0
    1.3880    0.1685    0.0000 C   0  0  0  0  0  0  0  0  0  0  0  0
    3.1505    0.1677    0.0000 C   0  0  0  0  0  0  0  0  0  0  0  0
    3.4435   -0.3415    0.0000 C   0  0  0  0  0  0  0  0  0  0  0  0
    4.0292   -0.3375    0.0000 Br  0  0  0  0  0  0  0  0  0  0  0  0
  2  3  1  0  0  0  0
  3  4  1  0  0  0  0
  4  5  1  0  0  0  0
  5  6  1  0  0  0  0
  3  7  1  0  0  0  0
  1  2  1  0  0  0  0
  7  8  1  0  0  0  0
  1  6  1  0  0  0  0
  8  9  1  0  0  0  0
M  END
>  <ID> (CR8005)
CR8005

>  <cLogP> (CR8005)
1.990000000000000e+000

>  <Name> (CR8005)
1-(2-Bromo-ethyl)-piperidine

>  <CAS_N0> (CR8005)
89796-22-5

$$$$

  -ISIS-  07260710442D

  8  8  0  0  0  0  0  0  0  0999 V2000
    4.4319   -1.5981    0.0000 C   0  0  0  0  0  0  0  0  0  0  0  0
    3.8446   -1.6142    0.0000 C   0  0  0  0  0  0  0  0  0  0  0  0
    3.5670   -2.1299    0.0000 N   0  0  0  0  0  0  0  0  0  0  0  0
    3.8725   -2.6295    0.0000 C   0  0  0  0  0  0  0  0  0  0  0  0
    4.4598   -2.6134    0.0000 C   0  0  0  0  0  0  0  0  0  0  0  0
    4.7416   -2.0976    0.0000 C   0  0  3  0  0  0  0  0  0  0  0  0
    5.3288   -2.0815    0.0000 C   0  0  0  0  0  0  0  0  0  0  0  0
    5.9132   -2.0655    0.0000 N   0  0  0  0  0  0  0  0  0  0  0  0
  1  6  1  0  0  0  0
  2  3  1  0  0  0  0
  3  4  1  0  0  0  0
  4  5  1  0  0  0  0
  5  6  1  0  0  0  0
  6  7  1  0  0  0  0
  1  2  1  0  0  0  0
  7  8  3  0  0  0  0
M  END
>  <ID> (CR8006)
CR8006

>  <cLogP> (CR8006)
3.100000000000000e-001

>  <Name> (CR8006)
Piperidine-4-carbonitrile

>  <CAS_N0> (CR8006)
4395-98-6

$$$$

  -ISIS-  07260710442D

  9  9  0  0  0  0  0  0  0  0999 V2000
   -0.3473   -1.6916    0.0000 C   0  0  0  0  0  0  0  0  0  0  0  0
   -0.3484   -2.2815    0.0000 C   0  0  0  0  0  0  0  0  0  0  0  0
    0.1622   -2.5735    0.0000 N   0  0  0  0  0  0  0  0  0  0  0  0
    0.6703   -2.2810    0.0000 C   0  0  0  0  0  0  0  0  0  0  0  0
    0.6675   -1.6880    0.0000 C   0  0  0  0  0  0  0  0  0  0  0  0
    0.1604   -1.3997    0.0000 C   0  0  0  0  0  0  0  0  0  0  0  0
    1.1796   -2.5739    0.0000 C   0  0  0  0  0  0  0  0  0  0  0  0
    1.6875   -2.2750    0.0000 C   0  0  0  0  0  0  0  0  0  0  0  0
    2.1958   -2.5667    0.0000 Br  0  0  0  0  0  0  0  0  0  0  0  0
  4  5  1  0  0  0  0
  2  3  1  0  0  0  0
  5  6  2  0  0  0  0
  6  1  1  0  0  0  0
  1  2  2  0  0  0  0
  4  7  1  0  0  0  0
  3  4  2  0  0  0  0
  7  8  1  0  0  0  0
  8  9  1  0  0  0  0
M  END
>  <ID> (CR8007)
CR8007

>  <cLogP> (CR8007)
1.680000000000000e+000

>  <Name> (CR8007)
2-(2-Bromo-ethyl)-pyridine

>  <CAS_N0> (CR8007)
39232-04-7

$$$$

  -ISIS-  07260710442D

 11 12  0  0  0  0  0  0  0  0999 V2000
   -0.5056   -2.5041    0.0000 C   0  0  0  0  0  0  0  0  0  0  0  0
   -0.5068   -3.0940    0.0000 C   0  0  0  0  0  0  0  0  0  0  0  0
    0.0039   -3.3860    0.0000 C   0  0  0  0  0  0  0  0  0  0  0  0
    0.5120   -3.0935    0.0000 C   0  0  0  0  0  0  0  0  0  0  0  0
    0.5091   -2.5005    0.0000 C   0  0  0  0  0  0  0  0  0  0  0  0
    0.0021   -2.2122    0.0000 C   0  0  0  0  0  0  0  0  0  0  0  0
    1.0162   -2.2038    0.0000 C   0  0  0  0  0  0  0  0  0  0  0  0
    1.5528   -2.4358    0.0000 C   0  0  0  0  0  0  0  0  0  0  0  0
    1.9434   -1.9969    0.0000 N   0  0  0  0  0  0  0  0  0  0  0  0
    1.6467   -1.4898    0.0000 N   0  0  0  0  0  0  0  0  0  0  0  0
    1.0728   -1.6153    0.0000 C   0  0  0  0  0  0  0  0  0  0  0  0
  5  6  2  0  0  0  0
  6  1  1  0  0  0  0
  1  2  2  0  0  0  0
  5  7  1  0  0  0  0
  7  8  1  0  0  0  0
  3  4  2  0  0  0  0
  4  5  1  0  0  0  0
  2  3  1  0  0  0  0
  8  9  2  0  0  0  0
  9 10  1  0  0  0  0
 10 11  1  0  0  0  0
 11  7  2  0  0  0  0
M  END
>  <ID> (CR8008)
CR8008

>  <cLogP> (CR8008)
2.040000000000000e+000

>  <Name> (CR8008)
4-Phenyl-1H-pyrazole

>  <CAS_N0> (CR8008)
10199-68-5

$$$$

  -ISIS-  07260710442D

 10 11  0  0  0  0  0  0  0  0999 V2000
   -0.5973    0.0584    0.0000 C   0  0  0  0  0  0  0  0  0  0  0  0
   -0.5984   -0.5315    0.0000 C   0  0  0  0  0  0  0  0  0  0  0  0
   -0.0878   -0.8235    0.0000 N   0  0  0  0  0  0  0  0  0  0  0  0
   -0.0896    0.3503    0.0000 C   0  0  0  0  0  0  0  0  0  0  0  0
    0.4175    0.0620    0.0000 C   0  0  0  0  0  0  0  0  0  0  0  0
    0.4185   -0.5314    0.0000 C   0  0  0  0  0  0  0  0  0  0  0  0
    0.9831   -0.7138    0.0000 N   0  0  0  0  0  0  0  0  0  0  0  0
    1.3312   -0.2332    0.0000 C   0  0  0  0  0  0  0  0  0  0  0  0
    0.9815    0.2463    0.0000 C   0  0  0  0  0  0  0  0  0  0  0  0
   -1.1069   -0.8258    0.0000 Br  0  0  0  0  0  0  0  0  0  0  0  0
  5  6  1  0  0  0  0
  2  3  1  0  0  0  0
  3  6  2  0  0  0  0
  1  2  2  0  0  0  0
  5  4  2  0  0  0  0
  6  7  1  0  0  0  0
  7  8  1  0  0  0  0
  8  9  2  0  0  0  0
  9  5  1  0  0  0  0
  4  1  1  0  0  0  0
  2 10  1  0  0  0  0
M  END
>  <ID> (CR8009)
CR8009

>  <cLogP> (CR8009)
2.410000000000000e+000

>  <Name> (CR8009)
6-Bromo-1H-pyrrolo[2,3-b]pyridine

>  <CAS_N0> (CR8009)
3216-47-5

$$$$

  -ISIS-  07260710442D

 11 12  0  0  0  0  0  0  0  0999 V2000
   -2.9389   -1.7541    0.0000 C   0  0  0  0  0  0  0  0  0  0  0  0
   -2.9401   -2.3440    0.0000 C   0  0  0  0  0  0  0  0  0  0  0  0
   -2.4294   -2.6360    0.0000 C   0  0  0  0  0  0  0  0  0  0  0  0
   -2.4312   -1.4622    0.0000 C   0  0  0  0  0  0  0  0  0  0  0  0
   -1.9242   -1.7505    0.0000 C   0  0  0  0  0  0  0  0  0  0  0  0
   -1.9199   -2.3439    0.0000 C   0  0  0  0  0  0  0  0  0  0  0  0
   -1.3542   -2.5232    0.0000 S   0  0  0  0  0  0  0  0  0  0  0  0
   -1.0089   -2.0406    0.0000 C   0  0  0  0  0  0  0  0  0  0  0  0
   -1.3612   -1.5631    0.0000 C   0  0  0  0  0  0  0  0  0  0  0  0
   -0.9500   -1.1458    0.0000 C   0  0  0  0  0  0  0  0  0  0  0  0
   -0.3833   -1.2958    0.0000 Cl  0  0  0  0  0  0  0  0  0  0  0  0
  2  3  1  0  0  0  0
  3  6  2  0  0  0  0
  1  2  2  0  0  0  0
  5  4  2  0  0  0  0
  6  7  1  0  0  0  0
  7  8  1  0  0  0  0
  8  9  2  0  0  0  0
  9  5  1  0  0  0  0
  4  1  1  0  0  0  0
  9 10  1  0  0  0  0
  5  6  1  0  0  0  0
 10 11  1  0  0  0  0
M  END
>  <ID> (CR8010)
CR8010

>  <cLogP> (CR8010)
3.410000000000000e+000

>  <Name> (CR8010)
3-Chloromethyl-benzo[b]thiophene

>  <CAS_N0> (CR8010)
3216-47-5

$$$$

