  -ISIS-  07260710442D

 13 14  0  0  0  0  0  0  0  0999 V2000
    1.3069   -2.4750    0.0000 C   0  0  0  0  0  0  0  0  0  0  0  0
    1.3057   -3.0648    0.0000 C   0  0  0  0  0  0  0  0  0  0  0  0
    1.8164   -3.3569    0.0000 C   0  0  0  0  0  0  0  0  0  0  0  0
    2.3245   -3.0644    0.0000 C   0  0  0  0  0  0  0  0  0  0  0  0
    2.3216   -2.4713    0.0000 C   0  0  0  0  0  0  0  0  0  0  0  0
    1.8146   -2.1830    0.0000 C   0  0  0  0  0  0  0  0  0  0  0  0
    2.8287   -2.1747    0.0000 N   0  0  3  0  0  0  0  0  0  0  0  0
    3.3653   -2.4066    0.0000 C   0  0  0  0  0  0  0  0  0  0  0  0
    3.7559   -1.9678    0.0000 C   0  0  0  0  0  0  0  0  0  0  0  0
    3.4592   -1.4606    0.0000 C   0  0  0  0  0  0  0  0  0  0  0  0
    2.8853   -1.5862    0.0000 N   0  0  0  0  0  0  0  0  0  0  0  0
    4.3405   -2.0258    0.0000 C   0  0  0  0  0  0  0  0  0  0  0  0
    4.5826   -2.5612    0.0000 Cl  0  0  0  0  0  0  0  0  0  0  0  0
  1  2  2  0  0  0  0
  5  7  1  0  0  0  0
  7  8  1  0  0  0  0
  3  4  2  0  0  0  0
  4  5  1  0  0  0  0
  2  3  1  0  0  0  0
  8  9  2  0  0  0  0
  9 10  1  0  0  0  0
 10 11  2  0  0  0  0
 11  7  1  0  0  0  0
  5  6  2  0  0  0  0
  9 12  1  0  0  0  0
  6  1  1  0  0  0  0
 12 13  1  0  0  0  0
M  END
