 
www.molinspiration.com
 
  4  3  0  0  0  0  0  0  0  0999 V2000
    0.0000    0.0000    0.0000 R   0  0  0  0  0  0  0  0  0  0  0  0
    1.4282    0.0000    0.0000 R   0  0  0  0  0  0  0  0  0  0  0  0
    0.7141   -1.2369    0.0000 O   0  0  0  0  0  0  0  0  0  0  0  0
    0.7141   -0.4123    0.0000 C   0  0  0  0  0  0  0  0  0  0  0  0
  1  4  1  0  0  0  0
  2  4  1  0  0  0  0
  3  4  2  0  0  0  0
M  END
>  <frequency>
45.65

>  <logP>
0.065

>  <PSA>
17.071

>  <natoms>
2

>  <MW>
28.01

>  <nON>
1

>  <nOHNH>
0

>  <nviolations>
0

>  <nrotb>
0

>  <volume>
20.777

$$$$
 
www.molinspiration.com
 
  3  2  0  0  0  0  0  0  0  0999 V2000
    0.0000   -0.4123    0.0000 R   0  0  0  0  0  0  0  0  0  0  0  0
    1.4282   -0.4123    0.0000 R   0  0  0  0  0  0  0  0  0  0  0  0
    0.7141    0.0000    0.0000 C   0  0  0  0  0  0  0  0  0  0  0  0
  1  3  1  0  0  0  0
  2  3  1  0  0  0  0
M  END
>  <frequency>
38.52

>  <logP>
0.187

>  <PSA>
0.0

>  <natoms>
1

>  <MW>
14.027

>  <nON>
0

>  <nOHNH>
0

>  <nviolations>
0

>  <nrotb>
0

>  <volume>
18.595

$$$$
 
www.molinspiration.com
 
  3  2  0  0  0  0  0  0  0  0999 V2000
    0.0000   -0.4123    0.0000 R   0  0  0  0  0  0  0  0  0  0  0  0
    1.4282   -0.4123    0.0000 R   0  0  0  0  0  0  0  0  0  0  0  0
    0.7141    0.0000    0.0000 O   0  0  0  0  0  0  0  0  0  0  0  0
  1  3  1  0  0  0  0
  2  3  1  0  0  0  0
M  END
>  <frequency>
30.64

>  <logP>
0.133

>  <PSA>
9.234

>  <natoms>
1

>  <MW>
15.999

>  <nON>
1

>  <nOHNH>
0

>  <nviolations>
0

>  <nrotb>
0

>  <volume>
10.778

$$$$
 
www.molinspiration.com
 
  3  2  0  0  0  0  0  0  0  0999 V2000
    0.0000   -0.4123    0.0000 R   0  0  0  0  0  0  0  0  0  0  0  0
    1.4282   -0.4123    0.0000 R   0  0  0  0  0  0  0  0  0  0  0  0
    0.7141    0.0000    0.0000 N   0  0  0  0  0  0  0  0  0  0  0  0
  1  3  1  0  0  0  0
  2  3  1  0  0  0  0
M  END
>  <frequency>
29.83

>  <logP>
-0.066

>  <PSA>
12.027

>  <natoms>
1

>  <MW>
15.015

>  <nON>
1

>  <nOHNH>
1

>  <nviolations>
0

>  <nrotb>
0

>  <volume>
14.196

$$$$
 
www.molinspiration.com
 
  8  8  0  0  0  0  0  0  0  0999 V2000
    0.7141   -3.2984    0.0000 R   0  0  0  0  0  0  0  0  0  0  0  0
    0.7141    0.0000    0.0000 R   0  0  0  0  0  0  0  0  0  0  0  0
    1.4282   -2.0615    0.0000 C   0  0  0  0  0  0  0  0  0  0  0  0
    0.0000   -2.0615    0.0000 C   0  0  0  0  0  0  0  0  0  0  0  0
    1.4282   -1.2369    0.0000 C   0  0  0  0  0  0  0  0  0  0  0  0
    0.0000   -1.2369    0.0000 C   0  0  0  0  0  0  0  0  0  0  0  0
    0.7141   -2.4738    0.0000 C   0  0  0  0  0  0  0  0  0  0  0  0
    0.7141   -0.8246    0.0000 C   0  0  0  0  0  0  0  0  0  0  0  0
  1  7  1  0  0  0  0
  2  8  1  0  0  0  0
  3  5  2  0  0  0  0
  3  7  1  0  0  0  0
  4  6  1  0  0  0  0
  4  7  2  0  0  0  0
  5  8  1  0  0  0  0
  6  8  2  0  0  0  0
M  END
>  <frequency>
21.39

>  <logP>
1.969

>  <PSA>
0.0

>  <natoms>
6

>  <MW>
76.098

>  <nON>
0

>  <nOHNH>
0

>  <nviolations>
0

>  <nrotb>
0

>  <volume>
73.202

$$$$
 
www.molinspiration.com
 
  5  4  0  0  0  0  0  0  0  0999 V2000
    0.0000   -0.4123    0.0000 R   0  0  0  0  0  0  0  0  0  0  0  0
    1.4282   -1.2369    0.0000 R   0  0  0  0  0  0  0  0  0  0  0  0
    2.1424    0.0000    0.0000 O   0  0  0  0  0  0  0  0  0  0  0  0
    0.7141    0.0000    0.0000 N   0  0  0  0  0  0  0  0  0  0  0  0
    1.4282   -0.4123    0.0000 C   0  0  0  0  0  0  0  0  0  0  0  0
  1  4  1  0  0  0  0
  2  5  1  0  0  0  0
  3  5  2  0  0  0  0
  4  5  1  0  0  0  0
M  END
>  <frequency>
19.21

>  <logP>
-0.176

>  <PSA>
29.098

>  <natoms>
3

>  <MW>
43.025

>  <nON>
2

>  <nOHNH>
1

>  <nviolations>
0

>  <nrotb>
0

>  <volume>
33.179

$$$$
 
www.molinspiration.com
 
  4  3  0  0  0  0  0  0  0  0999 V2000
    0.0000   -0.4123    0.0000 R   0  0  0  0  0  0  0  0  0  0  0  0
    2.1424    0.0000    0.0000 R   0  0  0  0  0  0  0  0  0  0  0  0
    0.7141    0.0000    0.0000 C   0  0  0  0  0  0  0  0  0  0  0  0
    1.4282   -0.4123    0.0000 C   0  0  0  0  0  0  0  0  0  0  0  0
  1  3  1  0  0  0  0
  2  4  1  0  0  0  0
  3  4  1  0  0  0  0
M  END
>  <frequency>
17.45

>  <logP>
0.2

>  <PSA>
0.0

>  <natoms>
2

>  <MW>
28.054

>  <nON>
0

>  <nOHNH>
0

>  <nviolations>
0

>  <nrotb>
1

>  <volume>
35.397

$$$$
 
www.molinspiration.com
 
  4  3  0  0  0  0  0  0  0  0999 V2000
    0.7141    0.0000    0.0000 C   0  0  0  0  0  0  0  0  0  0  0  0
    1.4282   -1.2369    0.0000 R   0  0  0  0  0  0  0  0  0  0  0  0
    0.0000   -1.2369    0.0000 R   0  0  0  0  0  0  0  0  0  0  0  0
    0.7141   -0.8246    0.0000 C   0  0  0  0  0  0  0  0  0  0  0  0
  1  4  1  0  0  0  0
  2  4  1  0  0  0  0
  3  4  1  0  0  0  0
M  END
>  <frequency>
11.30

>  <logP>
0.55

>  <PSA>
0.0

>  <natoms>
2

>  <MW>
28.054

>  <nON>
0

>  <nOHNH>
0

>  <nviolations>
0

>  <nrotb>
0

>  <volume>
35.182

$$$$
 
www.molinspiration.com
 
  5  4  0  0  0  0  0  0  0  0999 V2000
    0.0000   -0.4123    0.0000 R   0  0  0  0  0  0  0  0  0  0  0  0
    1.4282   -1.2369    0.0000 R   0  0  0  0  0  0  0  0  0  0  0  0
    2.1424    0.0000    0.0000 O   0  0  0  0  0  0  0  0  0  0  0  0
    0.7141    0.0000    0.0000 O   0  0  0  0  0  0  0  0  0  0  0  0
    1.4282   -0.4123    0.0000 C   0  0  0  0  0  0  0  0  0  0  0  0
  1  4  1  0  0  0  0
  2  5  1  0  0  0  0
  3  5  2  0  0  0  0
  4  5  1  0  0  0  0
M  END
>  <frequency>
9.12

>  <logP>
0.023

>  <PSA>
26.305

>  <natoms>
3

>  <MW>
44.009

>  <nON>
2

>  <nOHNH>
0

>  <nviolations>
0

>  <nrotb>
1

>  <volume>
29.761

$$$$
 
www.molinspiration.com
 
  5  4  0  0  0  0  0  0  0  0999 V2000
    0.0000   -0.4123    0.0000 R   0  0  0  0  0  0  0  0  0  0  0  0
    1.4282   -1.2369    0.0000 R   0  0  0  0  0  0  0  0  0  0  0  0
    2.1424    0.0000    0.0000 O   0  0  0  0  0  0  0  0  0  0  0  0
    0.7141    0.0000    0.0000 C   0  0  0  0  0  0  0  0  0  0  0  0
    1.4282   -0.4123    0.0000 C   0  0  0  0  0  0  0  0  0  0  0  0
  1  4  1  0  0  0  0
  2  5  1  0  0  0  0
  3  5  2  0  0  0  0
  4  5  1  0  0  0  0
M  END
>  <frequency>
8.11

>  <logP>
0.078

>  <PSA>
17.071

>  <natoms>
3

>  <MW>
42.037

>  <nON>
1

>  <nOHNH>
0

>  <nviolations>
0

>  <nrotb>
1

>  <volume>
37.578

$$$$
 
www.molinspiration.com
 
  5  4  0  0  0  0  0  0  0  0999 V2000
    0.0000    0.0000    0.0000 R   0  0  0  0  0  0  0  0  0  0  0  0
    2.8565    0.0000    0.0000 R   0  0  0  0  0  0  0  0  0  0  0  0
    0.7141   -0.4123    0.0000 C   0  0  0  0  0  0  0  0  0  0  0  0
    2.1424   -0.4123    0.0000 C   0  0  0  0  0  0  0  0  0  0  0  0
    1.4282    0.0000    0.0000 C   0  0  0  0  0  0  0  0  0  0  0  0
  1  3  1  0  0  0  0
  2  4  1  0  0  0  0
  3  5  1  0  0  0  0
  4  5  1  0  0  0  0
M  END
>  <frequency>
6.94

>  <logP>
0.47

>  <PSA>
0.0

>  <natoms>
3

>  <MW>
42.081

>  <nON>
0

>  <nOHNH>
0

>  <nviolations>
0

>  <nrotb>
2

>  <volume>
52.198

$$$$
 
www.molinspiration.com
 
  4  3  0  0  0  0  0  0  0  0999 V2000
    0.0000   -0.4123    0.0000 R   0  0  0  0  0  0  0  0  0  0  0  0
    2.1424    0.0000    0.0000 R   0  0  0  0  0  0  0  0  0  0  0  0
    0.7141    0.0000    0.0000 C   0  0  0  0  0  0  0  0  0  0  0  0
    1.4282   -0.4123    0.0000 O   0  0  0  0  0  0  0  0  0  0  0  0
  1  3  1  0  0  0  0
  2  4  1  0  0  0  0
  3  4  1  0  0  0  0
M  END
>  <frequency>
6.66

>  <logP>
0.146

>  <PSA>
9.234

>  <natoms>
2

>  <MW>
30.026

>  <nON>
1

>  <nOHNH>
0

>  <nviolations>
0

>  <nrotb>
1

>  <volume>
27.58

$$$$
 
www.molinspiration.com
 
  4  3  0  0  0  0  0  0  0  0999 V2000
    0.7141    0.0000    0.0000 O   0  0  0  0  0  0  0  0  0  0  0  0
    1.4282   -1.2369    0.0000 R   0  0  0  0  0  0  0  0  0  0  0  0
    0.0000   -1.2369    0.0000 R   0  0  0  0  0  0  0  0  0  0  0  0
    0.7141   -0.8246    0.0000 C   0  0  0  0  0  0  0  0  0  0  0  0
  1  4  1  0  0  0  0
  2  4  1  0  0  0  0
  3  4  1  0  0  0  0
M  END
>  <frequency>
6.52

>  <logP>
-0.471

>  <PSA>
20.228

>  <natoms>
2

>  <MW>
30.026

>  <nON>
1

>  <nOHNH>
1

>  <nviolations>
0

>  <nrotb>
0

>  <volume>
26.639

$$$$
 
www.molinspiration.com
 
  4  3  0  0  0  0  0  0  0  0999 V2000
    0.0000   -0.4123    0.0000 R   0  0  0  0  0  0  0  0  0  0  0  0
    2.1424    0.0000    0.0000 R   0  0  0  0  0  0  0  0  0  0  0  0
    0.7141    0.0000    0.0000 C   0  0  0  0  0  0  0  0  0  0  0  0
    1.4282   -0.4123    0.0000 N   0  0  0  0  0  0  0  0  0  0  0  0
  1  3  1  0  0  0  0
  2  4  1  0  0  0  0
  3  4  1  0  0  0  0
M  END
>  <frequency>
6.38

>  <logP>
-0.054

>  <PSA>
12.027

>  <natoms>
2

>  <MW>
29.042

>  <nON>
1

>  <nOHNH>
1

>  <nviolations>
0

>  <nrotb>
1

>  <volume>
30.997

$$$$
 
www.molinspiration.com
 
  4  3  0  0  0  0  0  0  0  0999 V2000
    0.7141    0.0000    0.0000 C   0  0  0  0  0  0  0  0  0  0  0  0
    1.4282   -1.2369    0.0000 R   0  0  0  0  0  0  0  0  0  0  0  0
    0.0000   -1.2369    0.0000 R   0  0  0  0  0  0  0  0  0  0  0  0
    0.7141   -0.8246    0.0000 N   0  0  0  0  0  0  0  0  0  0  0  0
  1  4  1  0  0  0  0
  2  4  1  0  0  0  0
  3  4  1  0  0  0  0
M  END
>  <frequency>
5.77

>  <logP>
0.178

>  <PSA>
3.238

>  <natoms>
2

>  <MW>
29.042

>  <nON>
1

>  <nOHNH>
0

>  <nviolations>
0

>  <nrotb>
0

>  <volume>
31.138

$$$$
 
www.molinspiration.com
 
  8  8  0  0  0  0  0  0  0  0999 V2000
    0.0000   -0.8246    0.0000 R   0  0  0  0  0  0  0  0  0  0  0  0
    1.4282    0.0000    0.0000 R   0  0  0  0  0  0  0  0  0  0  0  0
    1.4282   -2.4738    0.0000 C   0  0  0  0  0  0  0  0  0  0  0  0
    2.1424   -2.0615    0.0000 C   0  0  0  0  0  0  0  0  0  0  0  0
    0.7141   -2.0615    0.0000 C   0  0  0  0  0  0  0  0  0  0  0  0
    2.1424   -1.2369    0.0000 C   0  0  0  0  0  0  0  0  0  0  0  0
    0.7141   -1.2369    0.0000 C   0  0  0  0  0  0  0  0  0  0  0  0
    1.4282   -0.8246    0.0000 C   0  0  0  0  0  0  0  0  0  0  0  0
  1  7  1  0  0  0  0
  2  8  1  0  0  0  0
  3  4  1  0  0  0  0
  3  5  2  0  0  0  0
  4  6  2  0  0  0  0
  5  7  1  0  0  0  0
  6  8  1  0  0  0  0
  7  8  2  0  0  0  0
M  END
>  <frequency>
5.70

>  <logP>
1.921

>  <PSA>
0.0

>  <natoms>
6

>  <MW>
76.098

>  <nON>
0

>  <nOHNH>
0

>  <nviolations>
0

>  <nrotb>
0

>  <volume>
73.202

$$$$
 
www.molinspiration.com
 
  8  8  0  0  0  0  0  0  0  0999 V2000
    0.7141    0.0000    0.0000 R   0  0  0  0  0  0  0  0  0  0  0  0
    0.7141   -3.2984    0.0000 R   0  0  0  0  0  0  0  0  0  0  0  0
    0.0000   -1.2369    0.0000 C   0  0  0  0  0  0  0  0  0  0  0  0
    1.4282   -1.2369    0.0000 C   0  0  0  0  0  0  0  0  0  0  0  0
    0.0000   -2.0615    0.0000 C   0  0  0  0  0  0  0  0  0  0  0  0
    1.4282   -2.0615    0.0000 C   0  0  0  0  0  0  0  0  0  0  0  0
    0.7141   -0.8246    0.0000 N   0  0  0  0  0  0  0  0  0  0  0  0
    0.7141   -2.4738    0.0000 N   0  0  0  0  0  0  0  0  0  0  0  0
  1  7  1  0  0  0  0
  2  8  1  0  0  0  0
  3  5  1  0  0  0  0
  3  7  1  0  0  0  0
  4  6  1  0  0  0  0
  4  7  1  0  0  0  0
  5  8  1  0  0  0  0
  6  8  1  0  0  0  0
M  END
>  <frequency>
5.59

>  <logP>
0.07

>  <PSA>
6.476

>  <natoms>
6

>  <MW>
84.122

>  <nON>
2

>  <nOHNH>
0

>  <nviolations>
0

>  <nrotb>
0

>  <volume>
83.726

$$$$
 
www.molinspiration.com
 
  6  5  0  0  0  0  0  0  0  0999 V2000
    0.0000   -0.8246    0.0000 O   0  0  0  0  0  0  0  0  0  0  0  0
    2.1424   -1.2369    0.0000 R   0  0  0  0  0  0  0  0  0  0  0  0
    1.4282    0.0000    0.0000 R   0  0  0  0  0  0  0  0  0  0  0  0
    0.7141   -2.0615    0.0000 O   0  0  0  0  0  0  0  0  0  0  0  0
    1.4282   -0.8246    0.0000 C   0  0  0  0  0  0  0  0  0  0  0  0
    0.7141   -1.2369    0.0000 C   0  0  0  0  0  0  0  0  0  0  0  0
  1  6  1  0  0  0  0
  2  5  1  0  0  0  0
  3  5  1  0  0  0  0
  4  6  2  0  0  0  0
  5  6  1  0  0  0  0
M  END
>  <frequency>
5.41

>  <logP>
-0.58

>  <PSA>
37.299

>  <natoms>
4

>  <MW>
58.036

>  <nON>
2

>  <nOHNH>
1

>  <nviolations>
0

>  <nrotb>
1

>  <volume>
45.622

$$$$
 
www.molinspiration.com
 
  8  8  0  0  0  0  0  0  0  0999 V2000
    2.1424   -2.4738    0.0000 R   0  0  0  0  0  0  0  0  0  0  0  0
    0.7141    0.0000    0.0000 R   0  0  0  0  0  0  0  0  0  0  0  0
    0.0000   -2.0615    0.0000 C   0  0  0  0  0  0  0  0  0  0  0  0
    0.7141   -2.4738    0.0000 C   0  0  0  0  0  0  0  0  0  0  0  0
    0.0000   -1.2369    0.0000 C   0  0  0  0  0  0  0  0  0  0  0  0
    1.4282   -1.2369    0.0000 C   0  0  0  0  0  0  0  0  0  0  0  0
    1.4282   -2.0615    0.0000 C   0  0  0  0  0  0  0  0  0  0  0  0
    0.7141   -0.8246    0.0000 C   0  0  0  0  0  0  0  0  0  0  0  0
  1  7  1  0  0  0  0
  2  8  1  0  0  0  0
  3  4  2  0  0  0  0
  3  5  1  0  0  0  0
  4  7  1  0  0  0  0
  5  8  2  0  0  0  0
  6  7  2  0  0  0  0
  6  8  1  0  0  0  0
M  END
>  <frequency>
5.38

>  <logP>
1.945

>  <PSA>
0.0

>  <natoms>
6

>  <MW>
76.098

>  <nON>
0

>  <nOHNH>
0

>  <nviolations>
0

>  <nrotb>
0

>  <volume>
73.202

$$$$
 
www.molinspiration.com
 
  9  9  0  0  0  0  0  0  0  0999 V2000
    1.4282    0.0000    0.0000 R   0  0  0  0  0  0  0  0  0  0  0  0
    0.7141   -3.7107    0.0000 R   0  0  0  0  0  0  0  0  0  0  0  0
    0.7141   -0.4123    0.0000 C   0  0  0  0  0  0  0  0  0  0  0  0
    1.4282   -2.4738    0.0000 C   0  0  0  0  0  0  0  0  0  0  0  0
    0.0000   -2.4738    0.0000 C   0  0  0  0  0  0  0  0  0  0  0  0
    1.4282   -1.6492    0.0000 C   0  0  0  0  0  0  0  0  0  0  0  0
    0.0000   -1.6492    0.0000 C   0  0  0  0  0  0  0  0  0  0  0  0
    0.7141   -2.8861    0.0000 C   0  0  0  0  0  0  0  0  0  0  0  0
    0.7141   -1.2369    0.0000 C   0  0  0  0  0  0  0  0  0  0  0  0
  1  3  1  0  0  0  0
  2  8  1  0  0  0  0
  3  9  1  0  0  0  0
  4  6  2  0  0  0  0
  4  8  1  0  0  0  0
  5  7  1  0  0  0  0
  5  8  2  0  0  0  0
  6  9  1  0  0  0  0
  7  9  2  0  0  0  0
M  END
>  <frequency>
5.23

>  <logP>
1.867

>  <PSA>
0.0

>  <natoms>
7

>  <MW>
90.125

>  <nON>
0

>  <nOHNH>
0

>  <nviolations>
0

>  <nrotb>
1

>  <volume>
90.004

$$$$

