//2050,5168
//5633,5644,5635,5636,5642,1947
//5634,5638,5978,5645,5637,5221,5223,5414,5499,1468,5163
//5509,5516
3335,3477
3333,3475
112,246,2114
244,2112,110
114,2111,243
118,2110
1587,1991
2021,2285,2303,342,341,79
711,2103
1300,1921,1453,6
3334,3533
3119,3139,3022
799,1996
3327,3531
2109,5220
4159,4443,4173,3829
3325,3532,4294
3341,4449,4164,4165
4156,4435,4438,3338
4425,4437,4436,3337
1768,1786,1310,1543,819,860,158
1973,5194
1586,2316,2317,2149,2080,1609,493
4166,4172,3339,4157
78,2287,205,2304,2000,2099,204
4161,4169,4162
1859,2004,2091,1852
2607,2768,2710,1990,2569,804
233,2123,2296,391
2935,3182
2936,3181
1574,4171,2478,1577,2765,720
1551,2070,1546,231,165,225,3
2003,5203
90,142
2389,2405,2697,1939,1938
77,2302,2284,206,2097,203
1589,2019,2020,1790,1434
